5 0.348023 0.514540 0.168082 0.111632
6 0.139824 0.742964 0.057394 0.285178
6 0.193997 0.746248 0.063836 0.291745
6 0.246412 0.745310 0.058565 0.293621
6 0.300585 0.745310 0.059151 0.293621
6 0.355051 0.743902 0.056808 0.292683
6 0.409224 0.743902 0.063250 0.296435
6 0.464568 0.744841 0.054466 0.296435
6 0.518741 0.744841 0.059737 0.296435
6 0.570571 0.745310 0.054466 0.293621
6 0.626208 0.744841 0.061494 0.294559
6 0.681552 0.745310 0.056223 0.297373
6 0.734554 0.746248 0.054466 0.295497
6 0.783456 0.743433 0.048024 0.293621