1 0.649341 0.515009 0.167497 0.095685
6 0.140409 0.742964 0.062079 0.294559
6 0.195168 0.746248 0.059151 0.295497
6 0.249926 0.742495 0.062079 0.293621
6 0.300878 0.742495 0.053880 0.289869
6 0.355051 0.742964 0.065007 0.292683
6 0.410688 0.745779 0.065007 0.298311
6 0.462518 0.746717 0.052709 0.298311
6 0.517862 0.720919 0.072035 0.297373
6 0.572035 0.730769 0.060908 0.322702
6 0.628258 0.741088 0.067936 0.302064
6 0.679210 0.746717 0.062079 0.303940
6 0.736311 0.747655 0.065007 0.300188
6 0.783163 0.746248 0.055637 0.295497