5 0.347438 0.515478 0.163397 0.090994
6 0.139238 0.743433 0.060908 0.291745
6 0.196925 0.742495 0.062665 0.293621
6 0.248755 0.746248 0.053880 0.299250
6 0.299707 0.744371 0.062079 0.297373
6 0.355929 0.746717 0.058565 0.290807
6 0.409517 0.744371 0.059151 0.291745
6 0.461640 0.744841 0.054466 0.294559
6 0.515520 0.744841 0.061494 0.294559
6 0.571450 0.744841 0.060908 0.296435
6 0.627379 0.747655 0.057980 0.300188
6 0.681552 0.745310 0.057394 0.299250
6 0.732504 0.746248 0.058565 0.301126
6 0.779063 0.743433 0.045095 0.297373